
% goins
Kr1 = 180;
Kr2 = 50;

alpha1 = 10;
alpha2 = 20;

Ke1 = 12 ;
Ke2 = 24 ;

initialValues = [ 0 0 0 0 0];